Hora      |1.Lunes   |2.Martes  |3.Miercole|4.Jueves  |5.Viernes |
6         |          |          |          |          |          |
7         |          |          |          |          |          |
8         |          |          |          |          |          |
9         |          |          |          |          |          |
10        |          |          |          |          |          |
11        |          |          |          |          |          |
12        |3         |          |          |          |3         |
13        |3         |3         |          |          |3         |
14        |          |          |          |          |          |
15        |          |          |          |          |          |
16        |          |          |          |          |          |
17        |          |          |          |          |          |
18        |          |          |          |          |          |
